0,576.6463856,188.0618844,410.0365506,139.0974527,656.5403523,76.22604359,110.2284437,630.8475594,168.2040662,752.1425058,559.961963,543.3377696,396.4476609,329.859435,302.8797154,777.3182076,339.5981001,595.9859902,462.6491581,329.6024598,301.6372075,475.0714645,588.3357629,444.4395139,285.1285961,589.2891793,644.5900605,533.8918652,89.03192932,571.133962,463.0537936,270.2577329,40.17283083,172.4291607,697.4479901,606.1230037,487.213253,635.595569,613.385091,603.1173765,602.276371,489.4751889,416.4262001,434.5750561,372.2021249,539.4867927,104.0696122,488.1030615,498.6955069,465.0371224,231.7979192,583.9212407,349.3512549,452.0073658,307.3894027,637.0263538,462.6929578,295.3748849,723.0848104,703.2830655,235.8196245,104.1046318,445.4506946,404.5564961,752.3132916,475.3631304,501.5627603,669.970574,545.1797819,435.7158275,456.4318527,86.92280485,575.2641339,310.4193365,59.02946213,386.0265891,327.2552726,274.7108618,393.1791655,494.6889625,115.2680509,358.6923687,87.48317195,391.6790092,521.9474179,21.03979475,236.6988108,118.1102257,368.2312123,524.0127675,335.4004778,194.2136876,211.806755,110.3393105,136.0281922,182.9935916,12.48137346,619.4856173,175.728639,575.8467654,601.160046,24.62870704,398.7846661,295.7198784,513.5092904,113.8700258,552.1639736,461.3094581,504.7141627,289.7817204,483.0568893,165.2351176,622.942521,388.46132,561.3565153,664.1213938,616.9385494,517.8782818,575.0966853,238.5896584,390.3927553,584.4065201,163.0252615,298.7211097,236.8597359,653.8913722,464.448338,554.9411982,723.9090822,434.2074051,467.53954,341.3274817,388.8436909,522.9744616,510.4793408,541.027696,390.4756243,579.1124348,750.7632335,424.1067048,348.5140793,202.3024466,509.7570622,504.8935657,262.3638168,489.3656212,769.7042549,270.4504,378.7541158,150
576.6463856,0,591.1478717,666.2062349,488.823972,81.93115616,500.6600459,470.8055056,68.7702887,524.9805789,325.2801516,220.4863116,633.06072,422.4528247,428.0027141,403.658559,433.6129336,311.3454492,45.82987326,136.2789338,540.6668742,646.8050245,339.4219644,216.9487374,138.6949201,295.1153533,471.2635873,86.35345094,54.49328674,507.6529762,497.3020694,320.5500879,336.7033091,553.5485269,423.7862121,271.9113472,38.14258972,327.1016821,338.9313511,155.0404631,365.5326528,63.4176293,228.7709369,593.436295,647.069475,232.3798874,80.3476823,560.4323763,439.4775372,143.2673154,174.3430206,392.4110654,176.2566406,268.7248168,159.8441835,269.4242198,365.892523,139.8541384,428.3720531,412.827179,281.634296,599.0320455,534.9005094,541.8642836,224.9849603,425.2715775,274.8402133,715.4233328,264.638557,111.6605657,624.3106177,454.3391149,590.6862325,598.4939722,289.5543437,602.17394,370.1622997,451.1442228,457.0513767,434.0868213,82.02552011,592.243553,220.7154157,493.7227344,298.297152,85.1914133,590.3929278,505.4431295,470.8126011,218.0006505,707.3633645,271.9193078,396.453228,502.0962012,560.4010423,469.028976,412.2670973,564.2281306,77.79201239,462.0729252,316.0089745,120.5631436,555.3875843,692.643666,349.6386824,650.9577305,529.3705729,89.54826694,211.7088481,77.80630819,365.5222379,540.3745458,535.1904923,101.0933467,614.917689,281.8288381,443.7486889,219.1641804,720.5067508,80.93907593,464.7140949,395.699361,564.8461641,414.673021,610.2755165,359.5040851,271.8004319,683.4058456,431.5289602,361.7466113,322.4450443,222.7639126,385.8470873,266.6306792,114.8003947,553.4360444,182.4984723,236.5842616,125.3943849,496.8373699,155.0516241,320.6180352,453.794155,439.131706,485.782023,314.6852702,440.8031545,368.2646,606.7034363,615.2317305,
188.0618844,591.1478717,0,222.1916877,297.6782431,661.9482762,191.411886,183.5383689,629.7930858,68.32428906,681.5152532,502.6991144,366.737294,273.9909044,214.9797847,211.0399122,677.2209436,444.39866,622.40174,458.0125782,161.923766,114.8018684,379.5006017,532.3779101,452.7188722,345.9721881,454.6304624,639.7190591,561.7398263,145.7412502,427.7885027,375.6831555,255.049627,155.4002965,185.7077523,634.5227771,611.6329746,395.4897043,543.9546449,578.688304,500.6360061,597.2901106,434.7165356,238.0549055,248.9348909,359.6102908,532.4837328,86.96228346,357.0533366,556.9139797,438.8186489,199.1231072,541.1854574,324.8648041,508.4805055,342.6885296,537.3220334,511.8381731,190.5794667,620.2077201,638.1112621,47.99905323,101.6034735,281.3516399,481.3115956,650.3808731,404.528156,313.7432832,605.3786172,595.2651332,253.0575178,319.8917713,103.5323363,407.9494009,391.39218,138.6607826,288.4541184,200.5817421,158.8406132,266.1018563,515.2008601,303.2480086,403.5778654,175.1733082,497.8299956,560.7814305,173.7897496,101.2581375,167.7055353,374.4383098,337.2020062,319.5058736,211.4984655,92.81407543,294.6636156,149.02591,298.0173096,188.6552325,651.6363701,326.2187771,487.3575148,650.2865304,199.6580174,211.3503619,245.9797876,331.9273605,289.0646592,595.2343892,419.1433318,513.4203729,231.6791462,321.6707664,59.06534267,662.3015037,204.5685917,483.6486704,544.645984,561.6152209,330.2144578,563.6401433,134.4627369,280.3022979,425.3089875,225.5717043,111.5260954,237.5615504,585.0587061,277.0961255,429.2268766,636.5291031,349.6937579,551.7633278,246.5517967,343.5976339,573.1504853,347.7594711,613.0305817,362.5773301,553.0426382,628.4025803,458.9431047,458.9392808,352.7347616,379.478185,360.1121772,315.9823485,357.9129162,688.4515312,82.78037719,194.309131,
410.0365506,666.2062349,222.1916877,0,508.1995509,720.2357812,402.3279366,383.5753175,684.156307,257.1380144,645.8012345,507.5341157,177.8829732,249.5293345,240.0443685,271.8620141,600.2858882,613.4030684,706.4832223,531.7416284,130.9052414,114.5839726,358.3172578,534.1039576,540.439166,497.7655446,348.7610303,688.8554027,653.5412166,355.0502642,309.9139963,367.8537337,373.6458395,375.7242141,356.0239891,613.88833,675.0106299,375.6464393,494.7453926,600.3440616,441.7308428,650.8478821,455.8863704,84.99245841,43.76772244,446.4225963,592.0031136,307.0685495,281.7937306,677.7587451,492.9497547,329.5167754,558.2131859,409.675937,632.8861131,476.1256629,476.9612295,629.3889118,248.9047145,544.6639663,614.106679,174.260497,315.5541748,156.9764041,625.6477441,573.2021076,411.9293945,91.55202904,585.8817773,705.0056346,67.02583297,246.8190888,325.4979811,239.0705342,549.9144347,360.0731557,297.7529485,217.2232816,229.3691612,237.3837551,605.49431,524.992961,532.8049102,382.8247561,663.1882452,663.3180764,395.9614367,211.0224047,364.5459486,475.7061589,117.0104235,414.5081606,372.6612484,232.9288461,514.6582565,338.445182,489.9312438,409.9653198,738.8663112,531.5034591,451.9730412,754.3933299,420.1946971,39.93668058,335.7147555,130.9290999,505.9367484,698.3284098,459.1595175,592.1389406,319.8681289,188.6821896,254.9829598,755.8619452,51.34645912,464.4087184,451.7469108,559.901139,108.1122575,614.1061029,243.8455518,273.8945958,273.6668402,407.3759131,111.6112612,376.2720332,562.4041614,56.14422138,344.9943296,582.0581166,354.1053823,695.5133812,281.4114552,400.1185649,685.0724252,203.1548654,741.3449184,432.7895818,588.3014061,521.4975357,570.6773546,630.5537999,556.2225366,299.00305,255.5118988,468.9051784,281.5923225,637.5315604,139.5861906,51.72505028,
139.0974527,488.823972,297.6782431,508.1995509,0,570.7117126,106.6987878,126.911359,550.2995438,251.0615366,714.8232286,522.9350577,613.2692056,425.514938,363.5960854,326.2352519,762.1788958,212.8142647,499.791581,396.137455,403.2909432,411.1641297,474.4029372,548.3891006,370.6863711,196.9700497,612.3520945,565.884832,440.0151859,153.7713832,603.177946,457.3203424,247.7201292,150.3868335,177.5862076,656.6848772,522.5354378,482.3899116,619.9513214,556.5761397,598.021392,525.7539319,456.5258461,494.5755579,524.2331942,323.2350887,468.1880449,212.4915699,514.7839329,388.449844,413.7104014,237.3161519,534.6449374,313.4293353,345.5754281,234.5786869,627.7503263,360.0506838,329.4311219,712.3225428,663.9241527,341.0459193,196.34058,505.5123941,289.2128257,739.6090219,455.8165007,597.4759828,631.7541259,437.3436509,519.3520613,490.4540283,213.33718,631.959108,201.9029412,195.1586503,397.7194471,369.8793031,321.3033788,426.2410148,408.1475175,103.5042221,269.358248,125.4033691,261.5750591,421.9431185,160.0749332,305.96916,146.48115,305.9401213,614.5970307,295.8869167,180.905119,280.833306,71.81839349,174.3044672,78.47457116,129.7181856,518.8813932,37.50824547,561.3806505,491.6203165,115.5599935,505.1225124,291.1193168,592.3071289,41.33039935,448.0625615,421.9952717,425.3000191,292.8788567,537.8803946,253.6148698,518.059173,476.4251146,539.5838514,669.9690887,574.7503079,612.4266752,504.4889794,288.8085762,410.8336341,631.4777428,131.3276589,398.2810425,214.688759,619.6702085,558.5603802,572.2077564,700.6380446,429.5925977,344.7386112,358.5088067,361.354684,416.1415895,565.0910546,421.5892155,349.8998018,518.3285918,755.5668843,334.0473043,218.3655675,63.29431608,534.0916137,542.3430107,186.3554799,516.2856605,739.8304356,373.0460862,468.1974808,
656.5403523,81.93115616,661.9482762,720.2357812,570.7117126,0,580.399267,549.6563731,36.68128659,597.0853437,288.2353876,237.5312546,669.5778995,471.9880198,486.5035671,466.477995,408.1880609,390.9716217,87.22242631,204.0098319,598.7878339,710.2709893,376.4870375,223.7572928,214.047588,376.5116901,490.4588696,39.53435519,133.8133941,585.4663567,521.3029585,360.548797,409.7685588,632.3498277,500.2609614,243.7642332,50.93109167,361.8207045,338.4235603,148.5352149,375.1312443,69.45719991,267.7783424,643.5670142,697.5444657,302.547012,130.8484907,636.1272709,474.8764818,214.3541363,229.6386032,464.7571428,184.7052096,337.1711002,238.550491,349.164971,367.3234754,219.3805188,491.0860526,398.008545,253.0867474,666.5105633,610.8969048,586.5752171,303.7759266,404.8775253,314.1207847,762.298848,245.3961754,172.6060125,673.5714712,495.0989631,667.3075257,628.3225578,371.4016707,680.224866,422.5040913,509.4806915,521.2059407,484.0041863,163.129728,674.1083107,302.257798,572.6930453,374.0952223,160.2225174,669.7889768,572.3796266,548.748973,293.2742036,751.1107997,342.8803507,473.2485018,571.213115,642.2552012,545.4580514,494.0132339,644.1647331,95.54777299,543.9899549,329.7302873,154.6449272,635.6463223,749.1367741,417.2298687,692.4071856,611.2097368,151.3604138,261.1279603,152.5325016,432.5494023,580.0202908,607.3818507,119.5207608,668.9411705,298.4700085,445.9734402,215.0495867,765.8421808,106.2607116,532.3136874,446.56858,591.0327075,493.9985336,672.8279455,434.8336434,259.1489321,732.5113011,454.8442679,339.6060816,368.245136,292.5255728,444.3077581,326.728024,183.2683619,589.8706547,238.2069841,301.1138934,139.1933882,486.301141,236.7918735,399.2557945,535.5206488,470.8665676,519.9927351,395.2584111,476.0267379,333.9577291,671.5831833,670.2794334,
76.22604359,500.6600459,191.411886,402.3279366,106.6987878,580.399267,0,37.82981404,554.6221127,145.4962219,680.8966841,488.0705007,515.1742376,344.5052222,279.034038,246.6481336,711.70165,276.7220072,520.6737696,386.6516919,302.3462606,304.5022045,412.2573493,516.0113607,368.217142,210.7135185,536.4996869,568.3719454,458.4718632,47.29318579,522.25378,398.4713272,198.1710027,58.37633237,103.4186818,625.3562257,529.9442994,423.1489108,569.2562933,538.564177,539.8108101,526.0766628,418.0030029,393.0775158,419.9310715,297.2768593,463.389677,107.9193458,436.1179646,426.4307154,390.3714572,166.2223713,510.0138598,276.0651122,379.0943777,231.2969732,572.5855721,388.8840862,243.9574927,658.577418,631.4822322,234.3516127,89.84557812,410.4910757,334.7969506,687.3291418,406.9170378,492.1876664,598.2902126,472.0432414,416.469481,407.5364753,116.4296293,539.2113336,240.0346601,110.412583,326.5850415,280.9086651,229.4020177,343.068429,418.7521747,145.0709786,283.5576477,21.5332551,330.1481334,447.3759819,90.15655081,204.8595726,52.676728,292.2077794,510.4132843,261.3808564,121.5204616,179.1927768,123.0877393,78.72676606,119.2301605,63.96815486,544.7027291,135.139348,509.5159621,528.1976081,57.46181579,398.4937606,228.8856056,491.1583449,106.2394371,478.195362,388.4268504,428.5041923,225.287672,445.3277511,147.3808,548.8818866,372.2647019,492.9469957,604.9191289,544.3140489,507.422702,499.0662192,194.3718847,334.5513386,543.0935062,86.83514302,291.9163716,163.9605189,582.9829003,453.4886574,499.4850195,655.8643513,369.6727662,400.2837341,283.3039855,317.6472156,449.7139171,472.8326807,471.6094084,316.8417656,503.7874963,691.5685476,348.6653495,287.8966071,161.9820918,456.9281376,458.1103965,186.8439262,437.4992346,700.1667033,266.4173449,363.6763194,
110.2284437,470.8055056,183.5383689,383.5753175,126.911359,549.6563731,37.82981404,0,522.8895815,127.5827376,643.6421827,450.9679666,487.0481005,309.1932601,244.4029155,210.646244,673.8731037,266.3774742,492.8261459,353.2995488,276.3859432,292.2468975,374.636372,479.0666783,336.3721118,186.5676845,500.5234223,536.221369,430.4839339,42.90224436,487.2770282,360.7077656,160.9661605,82.74434352,65.60460536,588.3485487,498.9610105,385.4127628,531.4271037,503.1567277,502.0996546,493.6955304,380.7523254,367.6648011,397.9395673,261.9937937,430.3766475,109.3335134,400.5151292,404.1208753,354.8100316,128.5895298,473.8600472,239.4702244,356.0798786,201.7318443,534.7976734,364.3811554,209.4271431,620.7786916,594.3797791,222.0437651,85.50197908,380.4004519,316.3446199,649.512576,369.1555354,471.882313,561.1451056,448.2864711,392.5503712,372.8493976,128.5464328,508.1422935,222.0187255,132.4180281,289.5557762,247.7429065,197.2435301,308.2844196,389.2451394,180.9922128,256.9860747,23.15429906,320.2110365,421.2758935,120.7569596,179.0730715,19.57072756,259.061281,488.1682658,225.2520134,84.420279,154.0319827,156.8839597,47.49815988,114.6440551,98.61865976,517.9556927,147.9315558,471.6862044,504.5274947,94.19100227,383.1781725,191.0688957,465.4227184,136.1712069,453.0907235,351.678418,397.288614,187.6592119,414.0551451,131.8937301,523.4428595,350.1071242,455.1979073,567.6544224,507.4933944,486.5422184,465.7587452,163.3560893,298.270732,510.2813726,56.91506664,275.3522827,127.0531995,545.6290492,432.7951372,462.9714044,618.1055931,331.9219954,384.1055594,246.68433,280.2777415,425.8470142,441.465413,452.6478676,280.4696584,468.9805324,654.2689466,320.9550476,279.430157,172.9805111,421.0719789,423.8745464,160.1870829,401.9233546,662.5733192,251.8154689,342.1143627,
630.8475594,68.7702887,629.7930858,684.156307,550.2995438,36.68128659,554.6221127,522.8895815,0,565.5980709,268.0159289,201.7533764,632.990094,435.6600361,451.2484017,432.1393771,383.7713505,379.0663884,93.20105028,172.9461721,563.3310689,675.7555664,339.8121765,189.27428,186.5282497,354.3508663,455.1944959,17.6044426,123.2088941,557.6195289,485.5172051,323.8806113,379.2290335,605.3795276,471.5220493,219.3120602,30.63148015,325.1789629,306.2048107,115.4724664,341.048443,33.46828116,231.1492654,607.1788318,661.1600599,271.24452,97.3463311,606.5714619,438.2686174,211.2140763,194.8350749,433.6735918,149.5373426,304.9671392,228.2990999,324.1378541,334.8092312,208.0730117,456.6727452,369.9185026,228.8923864,633.1402307,581.5860456,549.9428394,293.2668534,378.6400313,277.4602528,725.7038624,217.6895049,175.3124914,637.1147022,458.4186845,638.3592562,592.0950903,353.7125118,652.4433916,386.4943344,474.1630132,487.090287,447.6955598,142.6961169,653.3332551,280.9484512,546.0089338,367.0544031,153.7029374,643.4358184,538.9644821,521.0855721,264.692367,714.439837,311.654177,444.8249742,538.5351614,621.4300632,516.5787809,472.7674088,618.5490893,112.2580273,525.1095945,294.8214644,169.0192378,610.5163641,713.3369165,384.3801473,655.7263226,590.3112603,153.1023823,225.2345971,126.4250958,399.4657493,543.3460076,575.9183976,138.0365586,632.8870269,263.0413722,413.5627303,182.6562266,729.1993093,70.05690195,499.179223,410.3789211,555.0933272,467.8972563,638.1377073,405.5053406,229.5102867,696.0279254,419.0452831,313.6576458,331.774235,290.6667084,409.1206697,292.2174804,181.7014246,553.2666596,244.650482,267.8551513,102.84214,457.2353972,216.820717,388.8196833,518.2110209,434.4149076,483.4483812,371.2432495,439.4249821,312.7919378,637.454676,634.3410016,
168.2040662,524.9805789,68.32428906,257.1380144,251.0615366,597.0853437,145.4962219,127.5827376,565.5980709,0,632.4682154,448.3979811,375.9942308,240.4484535,175.4969698,160.6400623,638.2692193,379.7884511,555.3414155,393.096831,161.8700581,165.734028,335.7726328,478.0491486,386.3382086,278.3450101,430.4180913,576.0993915,494.3770893,98.40470198,408.6278946,328.8025888,188.3134713,128.9440905,118.3968445,582.9332328,546.5246235,350.5613263,500.829725,519.8382005,461.2909807,533.4506948,378.9035564,250.5505297,274.6668224,294.5523413,468.4964949,69.79224656,329.781135,488.5910685,376.9465712,132.5876718,483.7450632,260.8852797,440.1629626,274.3653422,497.2091071,443.5432839,144.773498,582.0054808,587.1804482,96.41635102,64.34211877,277.3341622,413.6910977,611.9937083,352.6973202,346.70755,554.0384315,527.0324382,272.2817295,295.3767784,103.9835566,407.1248653,324.7498758,136.9873222,243.4658002,167.2598304,116.9085932,234.9614261,448.1608085,277.5334138,335.253685,125.7012192,432.8288869,492.8360781,160.8219677,69.35065061,109.3225086,307.5636815,365.1425378,254.2053561,143.5578645,46.37939845,262.4990828,86.03938289,239.0383493,164.2801265,584.2653456,275.1604668,442.5118809,582.1358332,171.5402152,255.5982586,184.3956712,348.4564502,250.5249991,527.1963428,360.1366078,447.4143118,171.4336044,315.3036347,10.33636743,594.5457645,227.1391827,435.0911747,513.1960836,507.3991284,361.9283479,500.5240513,83.79004728,240.6305653,417.3799788,161.7222761,147.8476908,169.4307174,534.7793096,307.9929922,399.8847757,592.6138304,301.2717816,484.3045419,198.9895498,283.9021588,504.8946428,342.6420622,544.8687047,299.8687845,492.2989615,598.8714821,390.8846516,394.9559827,300.5186219,352.0511764,341.3507539,248.2637052,330.882137,642.7900108,124.42688,218.3553566,
752.1425058,325.2801516,681.5152532,645.8012345,714.8232286,288.2353876,680.8966841,643.6421827,268.0159289,632.4682154,0,193.1357446,529.7097671,417.5347543,467.6265637,472.3311751,127.3187491,595.989106,360.2730062,331.3737537,558.0555214,682.6530874,304.1298411,166.496795,363.4343302,526.726047,317.8946224,253.6748503,371.9200386,665.4295447,358.8508782,305.889245,482.7305162,717.3608005,579.7306658,59.51342326,292.7103199,287.2764815,151.2867864,178.2730967,205.0843873,261.8779735,262.897331,560.8126474,609.8774858,391.6517634,281.7217415,692.7606739,364.0104818,462.9166049,302.183116,521.9840819,184.4593279,405.9192289,463.4285246,483.3805718,172.3992179,442.8356515,491.1598671,141.5326118,51.25350625,665.5571767,672.5733793,489.4995311,521.4435845,133.6549394,280.297714,653.2099524,83.14022296,436.8939379,583.4338433,399.8450012,728.5727171,469.4534239,549.1817098,753.4323868,393.2107238,485.0472779,522.6820236,428.2437887,364.0563928,809.555999,468.7091288,665.3679397,600.4404358,404.8702655,758.2138812,580.2738659,634.0354446,411.0598991,630.4833995,422.0273889,559.3790664,591.6404991,779.0416903,618.3186475,638.0215906,741.3270506,379.9005196,700.2642388,197.8580908,437.0081315,737.8304735,683.1954228,458.4187591,568.6020738,749.2649258,414.8271427,293.9917805,333.0897921,467.1200872,464.0462215,642.0741622,405.3911997,600.0908992,197.8893964,228.4667344,140.4336262,650.2139629,254.2166716,550.0948541,404.2679838,424.5846608,599.7588123,644.4227903,517.0016462,98.44091585,635.4330608,305.2818404,77.75886674,332.0104597,540.2594949,435.2528916,363.4085191,437.8347345,460.1742859,507.7745828,366.5451788,218.1108279,227.5183712,422.2268428,610.2883963,702.2830203,347.3926357,394.3789327,529.9809587,364.2103017,46.26482676,655.5948451,605.9041431,
559.961963,220.4863116,502.6991144,507.5341157,522.9350577,237.5312546,488.0705007,450.9679666,201.7533764,448.3979811,193.1357446,0,435.3952234,260.121327,295.719451,291.6969881,251.7963016,421.5996175,265.9913253,157.7937286,399.4364007,521.2482756,149.743385,29.69340851,191.1679523,339.1759079,253.8599229,199.5312924,245.5026782,474.0673236,283.788935,140.1567587,290.0024308,525.9130266,387.5693066,137.4973954,207.1607181,132.8951918,126.0305834,95.61513405,145.2018767,173.5689445,70.74083819,425.5788427,478.8973749,199.8894183,144.7990697,505.161995,242.2061841,325.2054179,115.7779918,331.4144116,54.01705347,212.7838256,309.8795303,294.438692,149.6652357,291.428898,313.1898383,213.8160609,143.4151713,493.1378189,483.8059589,361.6903617,357.7023507,234.6657558,100.0620479,537.2681721,110.2433522,316.7183314,453.4434723,267.5764978,540.5927043,391.3042523,367.6016144,563.7799137,221.6394369,316.2500644,345.4242135,272.1271032,216.9155278,616.6479033,288.6605738,472.8999887,435.6872402,274.5843491,566.7133932,402.7071689,441.8907817,222.7829895,522.47789,228.9594221,366.6012566,410.5720652,586.2816198,427.2508164,446.9085308,548.9739271,296.3559571,509.9602515,95.56838333,339.9802688,545.1481758,540.8478578,268.7259408,462.0266128,556.6950402,297.888791,101.0902685,185.3588938,278.916205,349.3409021,458.3645633,320.9923439,457.5428075,61.90847627,225.2475193,59.0178354,538.8531799,141.5885575,368.6403796,239.6370213,353.5194183,406.6231006,482.4947094,324.113944,96.74226363,511.0451046,217.3223589,183.0009638,158.8448375,393.2565502,257.9313275,171.2266221,308.813493,356.3078867,383.7206073,173.6111693,99.67132951,287.6286294,254.6181744,437.70217,513.6625586,235.5850897,285.6584461,339.627472,243.1808161,217.1740286,488.6801881,460.9722994,
543.3377696,633.06072,366.737294,177.8829732,613.2692056,669.5778995,515.1742376,487.0481005,632.990094,375.9942308,529.7097671,435.3952234,0,228.0360292,265.5265789,306.9036119,459.2394436,665.9916259,677.6275031,511.3594214,214.1551682,280.9854598,294.2353371,456.1003901,530.2457224,545.5949726,212.2213837,633.2033852,635.1515416,470.6365916,170.9506805,312.5140626,416.2226678,504.7423727,439.9501354,510.9554466,631.7397139,308.0110868,381.9269517,530.7396702,328.2991186,601.7207975,404.9430913,128.682395,134.869595,449.6243768,553.171493,440.2603292,194.7623048,681.9586758,462.3328729,391.7041395,489.3987498,418.5724651,643.6963948,511.5917666,357.7170629,634.6354051,293.7667434,408.0710135,508.6823797,321.4974987,440.2579754,111.7366419,654.5043235,433.5912429,358.4624201,134.4399108,486.1646201,697.7100295,118.8299324,179.9584911,466.9966582,68.01539788,598.0525685,502.7396173,281.0743366,251.2412691,293.7447277,219.5930045,590.220003,653.3474102,557.5746671,493.8108256,708.8716491,653.0585076,533.5350911,310.6329823,467.5931496,485.4322633,104.6605069,430.2797359,446.703359,336.3764326,636.7127609,439.5902835,574.8291277,540.1290035,710.3898183,628.2836054,355.8668287,739.0609431,547.5057895,215.4738819,367.3518246,49.6411288,621.2915498,685.8744574,422.811741,568.7715641,355.4680281,94.92785037,378.1752244,731.5607325,166.5415082,379.3578579,311.0459032,476.2871186,126.2299309,565.8369617,324.5797667,254.9634114,111.4329446,491.9801247,261.0825978,433.0549146,462.5118585,134.9857628,228.4460641,457.2435017,313.0550001,718.7929357,292.5603653,389.0277604,681.0706797,79.81338771,747.8285129,425.48261,530.5691581,366.3414825,576.6726714,684.4893085,649.3050579,199.8586377,149.8100736,521.2872749,193.5823026,511.4578429,289.1277745,177.3236408,
396.4476609,422.4528247,273.9909044,249.5293345,425.514938,471.9880198,344.5052222,309.1932601,435.6600361,240.4484535,417.5347543,260.121327,228.0360292,0,66.59648441,99.35752625,403.3530445,442.5866149,464.7953169,292.1890486,141.3892115,265.6285273,114.7827065,287.843027,307.0638831,322.9578373,192.9001127,439.7740804,416.4977945,309.4378881,178.2079426,120.020009,197.0384862,356.5320748,248.6432113,377.1392235,428.1156353,132.2857352,273.116689,351.3789968,227.2579885,402.5308497,206.3723327,171.6777349,225.6220968,222.1475764,345.6588773,309.3226658,91.84426499,456.0673632,248.1129974,188.5312328,309.440777,190.5370743,416.4495424,285.9600649,264.1563671,408.2457781,101.2544703,346.2661055,378.9870272,250.7863619,296.7598107,122.7000063,426.6509404,376.444358,162.6566925,293.0354308,348.1369047,475.1336619,202.1063416,65.2360093,344.3360947,220.3916724,374.3580469,376.227426,54.24558641,74.00543147,123.8600161,12.14952378,369.7286421,489.5700576,329.7550118,323.6183063,483.1156994,431.1854108,394.4024263,175.7174333,291.9405944,257.5531842,286.734044,202.483969,245.7344329,194.3910482,466.0558828,266.2843095,371.8492548,389.0292559,497.589235,431.9797125,219.8012139,519.8898978,391.5603176,281.285167,146.6439608,234.1085402,443.8448019,465.1153396,211.8818984,351.8606651,138.3286824,134.2057116,248.0988181,516.6225312,198.6892674,223.855515,272.9117722,315.0060322,298.6567825,365.7277489,159.1779118,27.64068624,209.8063474,295.0637902,227.154286,220.7508921,325.7199607,261.2069477,159.6263795,365.6673568,104.5826687,490.77864,70.239937,163.7490337,457.3073351,156.8107287,521.8005724,199.8027409,338.8136044,358.4247937,349.7750735,461.2487325,448.8800112,113.3113717,117.4298686,301.2576972,93.17017358,419.1388471,238.28982,201.394658,
329.859435,428.0027141,214.9797847,240.0443685,363.5960854,486.5035671,279.034038,244.4029155,451.2484017,175.4969698,467.6265637,295.719451,265.5265789,66.59648441,0,41.39949704,463.9445478,401.2616924,467.2617992,292.5357156,112.7042093,227.2415508,164.5627774,324.9613747,300.3954317,280.9143094,259.4477659,457.786084,413.5642712,243.038832,243.2449506,161.9911667,151.1274288,289.9358055,186.0165294,422.6660116,439.3838384,180.7485467,329.0461625,380.2523358,286.9265236,417.7816664,232.5875203,177.0838726,227.3386025,206.778716,356.3614469,243.6565952,158.299518,440.1084951,257.0111552,129.488599,339.8955028,170.4790509,396.7229237,249.7325788,323.2922843,391.6633697,35.07995812,407.3245443,425.6442495,198.5864601,230.3927219,153.8344743,397.0893207,437.4124052,195.6994641,301.9543483,393.4397131,465.486159,208.6233335,128.5161265,278.9865064,271.5515826,333.6955388,310.3062836,74.92707369,23.14165686,58.64851778,64.04774937,365.4801631,424.0666579,301.0935917,257.958989,445.7882441,423.4315061,327.8656127,114.1458362,226.6774918,237.5870723,303.3517464,177.1205266,186.5340367,130.1051683,401.2256599,200.5067373,314.6964312,322.4967967,499.4526738,372.5880484,272.4355074,514.3988181,325.1932086,264.7150701,103.8789848,259.8036492,379.9091574,458.3844049,227.0194567,352.8509258,90.5766749,178.8867474,183.6478529,516.0133089,189.3805483,270.1848246,337.965221,353.6246626,311.0126882,381.5383139,92.99817321,65.73976649,267.9754233,234.831824,188.7622796,167.9981773,372.3006591,265.5894715,225.8454154,421.5763354,137.8322318,464.7493976,42.26899302,161.3852985,445.8967939,205.0200379,504.6645304,192.9463335,361.2612406,423.9590468,332.6634474,419.6432505,391.083479,179.8985612,179.5260984,255.9127802,159.5871841,473.5150224,193.0336592,188.4569696,
302.8797154,403.658559,211.0399122,271.8620141,326.2352519,466.477995,246.6481336,210.646244,432.1393771,160.6400623,472.3311751,291.6969881,306.9036119,99.35752625,41.39949704,0,479.4966908,360.2837467,441.0234958,267.3891661,141.3391964,243.8447482,176.0373945,321.3658125,271.5985147,240.0362313,289.9070232,440.0140721,385.1565119,214.3778833,277.4563092,168.1865579,110.2085509,263.6640125,149.3025345,423.9575016,417.9742902,190.2781435,340.6763407,370.1117703,303.0909319,398.8259511,224.3246658,214.8158545,263.1781838,175.9974053,335.6444882,224.7130194,189.9747647,405.919369,237.4072748,89.82642729,331.4543321,138.8036552,361.3755351,210.1801169,338.3434493,357.5349749,24.71998188,423.8494645,427.8213498,203.9477621,208.0786797,195.1915069,358.5617144,453.6120717,193.6676451,338.9288634,394.8896723,433.6963495,246.0498147,164.2233239,260.6871198,312.1031664,292.9082566,289.5423012,84.24765193,58.57709798,55.43102495,100.2288734,336.9350974,391.4953992,263.3456912,226.1449906,405.3603602,392.7407666,303.0356321,111.3417286,193.9714418,203.9096819,342.1294091,142.6644256,147.1581598,119.4989684,367.3106803,169.3678948,274.6429272,294.5542873,472.6934547,333.5621796,282.0379274,484.1325078,295.8944671,293.0557656,64.92838623,300.3141585,344.651119,427.8985565,212.1319898,327.031115,50.29763225,219.9437397,170.0086632,487.9673051,222.4525157,274.6677123,361.25638,350.5858468,348.7865635,363.3528791,77.77650464,88.0379911,306.7343342,196.1543746,206.759497,126.6980095,375.0523617,301.6727281,253.1049705,432.1565075,140.6712017,427.005736,39.08930596,139.947517,413.48814,245.8110567,469.7350224,167.0798541,347.3376926,447.8854428,298.8206811,378.6129694,351.3432873,210.4257398,216.1898522,214.686251,191.4042542,482.1505458,205.4074259,220.1857536,
777.3182076,433.6129336,677.2209436,600.2858882,762.1788958,408.1880609,711.70165,673.8731037,383.7713505,638.2692193,127.3187491,251.7963016,459.2394436,403.3530445,463.9445478,479.4966908,0,673.3755001,472.8890386,408.407426,534.7763535,656.917392,303.5800307,235.5209542,441.8388738,587.5873401,252.4786072,371.2707103,474.4695035,688.4195794,293.069674,314.2865054,517.5586242,739.6676853,608.2965931,164.610408,405.0384442,290.3754086,142.7049735,278.9755606,177.0453318,371.6459154,308.7986267,516.9327616,560.1800181,444.8429107,376.4489392,704.1384513,328.3755063,562.716605,367.2813754,546.2037035,268.6456406,449.0306522,555.2556791,542.0061204,141.1638764,535.5819,493.5013444,57.30761077,155.1639779,652.9959265,687.296181,444.6051714,607.3444239,27.35571017,306.7975712,590.7324787,169.0593271,543.2840144,534.2748042,366.9790951,740.0639116,393.4351402,618.7942227,768.9008673,395.3804471,476.6797579,522.3392006,411.8389859,457.4818463,849.4485752,540.3420392,693.7494428,685.9779848,506.7395296,780.0325033,577.6924968,661.2155304,471.940539,563.6029506,466.8808517,592.3269245,593.7810731,820.6453563,641.2900171,689.1540294,767.6678065,495.8266962,753.3116684,202.268795,550.7117468,766.4770655,639.6294013,482.8596749,503.7136887,792.5994918,521.9018248,346.129684,425.3344101,487.6366085,411.803119,646.9304347,521.7051692,560.1314658,222.7308339,149.4969044,220.5919059,584.7496815,355.9409942,554.5194993,398.2260117,348.3479311,637.7338692,620.6107339,552.069477,165.4481093,579.6687209,257.9294641,72.40245025,343.1193056,636.4797584,440.4429463,400.8365681,540.8884013,400.9283899,613.8764237,414.9706111,313.9705943,110.5038011,504.6468395,689.3816742,759.5703016,307.4737493,345.3678457,584.6911561,327.9935006,83.18531469,636.7990767,567.6959858,
339.5981001,311.3454492,444.39866,613.4030684,212.8142647,390.9716217,276.7220072,266.3774742,379.0663884,379.7884511,595.989106,421.5996175,665.9916259,442.5866149,401.2616924,360.2837467,673.3755001,0,309.8754302,266.2652479,486.7374452,542.7440526,437.7056372,439.3820801,233.269123,120.4090435,593.7055073,396.2888224,257.4367169,309.0344262,599.1512949,415.8230036,250.1375591,334.7006882,263.1398134,536.6153562,348.7924303,437.9026778,541.2091157,420.4200105,537.7245201,362.2028524,371.8310918,571.4910985,615.0687624,245.7240271,318.5811316,375.7107558,513.3280195,186.1877033,306.6508811,284.8154711,412.4951987,262.387773,152.5129732,157.7793776,558.0462205,171.679084,376.951658,633.3884116,545.433012,475.6055079,351.5186867,554.7015133,87.66612872,655.8782082,392.8400533,692.0066388,517.4396811,235.7167962,601.6448278,503.5062887,391.9962301,662.7611045,68.22896329,386.3166151,395.3587744,418.1724427,387.5576573,448.9475726,240.9952206,310.6076358,134.4393753,282.6398331,53.83356601,231.6710663,358.9736009,404.3215514,278.7386897,210.6375667,699.4062714,246.1473103,242.2611192,385.9146537,281.1184912,295.3808742,157.8960327,327.949345,322.585723,177.3147571,490.7110157,286.4793813,315.0143628,623.2036424,298.6531855,660.4527544,253.0889585,250.5250259,333.4991338,267.871753,310.7665145,575.3751794,387.1682156,316.9615989,569.7024165,460.1943496,619.6341705,459.4625782,703.7209444,351.9469793,369.5576997,418.3904559,647.6008454,218.8269707,517.4130772,238.701929,512.4582575,653.2053196,549.0984671,603.6625447,395.3122796,132.2377396,374.264181,307.7933923,216.7621189,599.2056901,209.9641911,277.9021202,379.806418,697.2567191,174.1485952,18.70008521,159.3321485,526.4603813,553.3765529,146.2845549,514.9771575,630.4675527,499.6282345,564.5538501,
595.9859902,45.82987326,622.40174,706.4832223,499.791581,87.22242631,520.6737696,492.8261459,93.20105028,555.3414155,360.2730062,265.9913253,677.6275031,464.7953169,467.2617992,441.0234958,472.8890386,309.8754302,0,174.7725359,579.6545032,682.8905053,384.420084,261.4463866,170.9200325,311.3498491,517.0919598,109.4235429,62.34915141,531.3016241,543.0609161,365.2253835,367.3544663,575.2862439,449.8632476,309.449916,67.94397333,372.3812579,383.0879272,196.3137332,410.8766702,101.5417761,273.9612124,635.1332951,688.5579916,266.8586934,125.8762389,586.8375011,484.4540909,128.3603311,217.032954,423.2816297,220.5795061,303.9076342,157.9989547,291.3522886,410.3949808,140.7714131,465.655935,454.6805567,319.1395357,632.7757776,561.0274649,585.06954,222.2093597,465.8610073,319.7890758,757.8174153,304.606866,85.39207269,666.1992747,498.5115022,615.7694049,643.8556772,298.0848495,625.0618519,411.9232756,490.368203,493.4122814,476.282121,107.2020644,603.2069071,237.308033,515.3969561,289.1265783,78.77262265,610.8071238,539.8907593,494.4450456,247.9747491,750.5223571,305.1757425,422.277342,535.0268209,571.6098162,494.9006368,425.2711419,583.5098405,32.86157367,470.7079344,361.5522749,77.89481722,573.8814448,731.9330461,384.5672223,694.6675933,540.8783142,64.24173117,255.3787016,114.4116274,400.6975813,584.5722172,565.429365,55.26349391,655.3029762,327.4718064,488.5179046,261.982903,763.2805179,125.3620915,498.9036488,437.7762806,610.4802885,436.0789197,646.9536457,387.5160644,313.3937953,725.2371425,477.3298108,401.6227697,366.1037216,205.6226024,425.3405139,306.3651851,96.8968228,598.1078678,152.3812802,274.5857326,169.6090006,539.7827004,172.03754,316.6946822,459.9299079,484.4832699,530.8244075,333.8325847,485.79806,404.4789841,642.0840186,655.2432665,
462.6491581,136.2789338,458.0125782,531.7416284,396.137455,204.0098319,386.6516919,353.2995488,172.9461721,393.096831,331.3737537,157.7937286,511.3594214,292.1890486,292.5357156,267.3891661,408.407426,266.2652479,174.7725359,0,405.0293919,510.586529,225.2217007,173.3738649,33.4419027,200.6235119,373.9088258,184.6074615,124.4216774,386.3279636,392.5558975,203.7460302,206.2832207,435.1508974,299.4377033,271.8604224,153.6257441,216.9361371,282.0580012,161.5690663,289.4392232,141.7436436,124.4606775,461.2362747,514.4188465,98.54491911,77.29981226,433.7882077,322.7754742,180.0415687,53.21027003,260.8844526,146.9854807,133.5414304,155.5670139,161.9420098,302.73356,139.1197334,292.0999518,371.5715547,280.3727748,463.8072053,408.9343303,413.9261416,199.9387602,392.2386226,162.998616,584.6754984,251.4887171,187.1682666,492.481149,331.4110481,465.8971972,484.2255347,217.9781482,481.0443968,238.5724009,315.655025,320.8333301,303.3679512,78.94542027,496.6145398,137.4679357,376.4482225,277.9372042,142.2200456,474.0484822,369.9240914,350.1338601,94.44882465,578.8483999,138.9110052,273.1539391,367.6688885,464.9484367,344.2891543,317.6919762,450.5482702,207.130001,376.4366112,239.0490547,228.1724484,443.4987593,557.2409856,214.1890493,524.6555778,434.03776,174.5189194,92.81773364,60.39860046,229.8659305,416.9358433,403.3989263,224.8522287,480.5901856,205.3026128,372.7647351,193.3246493,590.7748161,112.4670629,329.4294068,264.8124716,455.4647561,299.9184898,473.9995698,233.0331281,246.2287564,551.4013888,330.4448212,337.9044899,198.4482642,239.6117866,250.5735082,131.6379789,172.3735409,432.941509,244.2216604,100.3370034,122.3848749,442.6195766,96.84936743,281.6181025,375.1826353,326.8014906,369.081554,210.4390802,324.2604743,364.4471017,470.6726449,480.4749319,
329.6024598,540.6668742,161.923766,130.9052414,403.2909432,598.7878339,302.3462606,276.3859432,563.3310689,161.8700581,558.0555214,399.4364007,214.1551682,141.3892115,112.7042093,141.3391964,534.7763535,486.7374452,579.6545032,405.0293919,0,124.6014431,256.1714339,427.7973531,411.7489647,369.2925835,298.7153481,569.4272057,525.2064358,257.0308435,268.7162079,260.2306857,243.3463882,290.7275578,236.9340134,518.511622,551.9572415,273.6652777,411.318492,488.0205419,362.4644516,529.8663732,340.6761808,91.31924935,128.4656062,316.8358793,468.8946061,227.3718411,206.8791564,547.0184298,369.5086116,201.9225685,446.7421566,279.8215492,502.0037999,345.836315,399.4038992,498.6842379,118.0538101,477.4995984,520.2795653,124.4318543,226.1777912,119.630302,495.3605123,507.4769139,300.1062678,205.3790728,489.5228066,574.9865294,117.8285482,168.2730282,256.2234163,247.8679886,421.8891909,291.7526419,179.565764,89.57261562,99.62573701,130.1382386,477.0227492,439.205186,402.0263035,281.2013882,535.3522949,533.7839965,320.6191674,97.57895533,256.815242,345.2361346,215.5985461,283.9689614,249.6738444,123.1633145,422.9807219,229.0121805,373.2972337,326.0983489,611.7287563,421.5627719,360.2042592,625.0799185,333.3538014,152.364448,204.8374021,189.0791158,408.58339,568.8955023,338.45162,465.2692716,188.9648255,159.7770698,164.3753404,627.8646514,83.33418192,365.2437969,394.3523044,455.4783738,217.6920316,493.4593736,120.011308,159.7994626,263.4222224,289.5214369,86.62893019,248.236545,467.0588282,166.4720052,278.950395,503.1638818,240.9694001,564.9789216,154.9491207,274.0764401,554.8246199,186.0770427,610.4740834,305.1089549,471.4797265,475.088846,440.0738266,504.3103878,444.393909,228.5730135,201.7910256,341.0582618,207.4085667,557.5183786,102.5605211,79.55820503,
301.6372075,646.8050245,114.8018684,114.5839726,411.1641297,710.2709893,304.5022045,292.2468975,675.7555664,165.734028,682.6530874,521.2482756,280.9854598,265.6285273,227.2415508,243.8447482,656.917392,542.7440526,682.8905053,510.586529,124.6014431,0,380.2991092,550.0391199,512.2244799,434.9806201,414.6477933,683.2197988,625.1946256,257.8089098,380.7156961,383.2794348,324.055496,270.1240116,279.6057606,642.6933216,661.8117006,397.7230614,535.6978833,607.4299887,486.3006354,642.3808175,459.7298645,158.8588996,149.8872389,416.0979146,579.459791,201.7626677,328.563005,634.3073539,480.9233413,271.4574663,566.847344,378.9845414,586.9631669,422.5507945,523.1495511,587.080219,219.1965372,599.775067,644.6130576,70.34353755,214.8925631,221.957971,568.8540944,629.5679259,421.325039,204.4836091,613.6395741,667.8143031,162.1587345,290.0088594,215.3610387,333.8523793,484.3638749,248.7985604,299.7499397,205.5192384,189.7552107,254.5802647,577.193021,416.8843338,482.6980368,286.9477147,595.0511001,629.4451723,286.0551366,146.0008677,274.6382438,438.8387796,231.5794265,378.7855194,301.5303085,158.7346147,409.2934107,251.708488,404.7557356,302.9486872,713.9928163,438.2347812,484.7985947,720.7323672,314.2635954,97.22026116,298.524857,238.7760981,403.7994161,664.5989989,453.3898584,569.6408985,282.3025882,261.651278,160.4280787,727.8240086,115.3823787,489.3094206,513.7369404,578.1407679,221.5651685,606.6369342,186.6990292,282.3559453,360.709292,326.5838963,38.75983161,316.6389893,591.3272707,170.723454,399.5294669,627.3123878,362.4051837,639.7830595,268.2335923,383.5751389,646.485591,283.6224802,694.5081362,410.5265519,588.1903867,591.624266,530.5130274,558.5546503,464.2772606,349.5350252,316.79067,404.9110886,328.9271046,681.8392667,43.44740726,104.7724546,
